1203
4804
5708
2649
4677
1362
2269
1746
246
9158
3639
3521
2849
7427
9852
5129
7971
314
4316
8065
7652
4247
4001
6549
7191
7318
8762
6573
7883
7002
6787
9921
1297
5347
4378
9360
2850
9793
7942
7743
3733
3553
7538
8436
5299
930
7726
7079
7722
509
8940
8781
6006
4607
9453
2866
3406
7593
5544
5185
7105
7228
2149
6964
7344
8100
5914
8513
6019
6767
4801
2372
8712
7589
7979
9631
2698
3515
6743
3784
8821
4832
4922
6625
5758
6027
8897
9109
9003
8226
7819
9045
4107
4272
5490
8579
3687
1820
2820
2771
6453
7362
3063
290
1013
5623
2118
5456
9762
3588
3788
9237
1301
8522
125
6902
5109
6125
8199
4947
2060
4409
5171
3813
629
84
5151
8083
7057
7255
82
1063
5475
7237
3749
9691
2639
3941
9492
5769
6676
8322
4771
3112
9427
9975
7831
7042
8876
3869
399
5867
556
3729
4704
2003
1194
5900
812
8215
5119
5624
728
4244
959
6903
3832
7048
4808
1173
7494
3142
4405
9627
1791
7328
9113
2719
5262
4642
2668
5289
4505
773
8063
2384
8411
1221
7518
8040
1565
3033
8492
9983
1665
1918
5808
2618
4192
7119
5667
5612
7050
6507
2220
1377
3582
1307
2026
9858
2766
1080
3479
7349
761
7764
3769
8746
3654
3783
147
6912
6061
9879
1460
3798
1868
7952
2050
2693
6095
9352
2163
7306
1506
376
7364
2128
6907
6851
31
8452
9541
4028
7710
7901
7061
4656
2184
7441
2726
4352
7660
4190
8862
7804
9438
9149
3596
2115
5089
3395
3324
9572
3243
2451
7677
3457
3171
9163
2793
6814
4338
1669
8327
5332
8147
3671
5744
19
2195
157
7168
3675
5783
8560
9725
4507
8742
393
3650
3393
1319
2279
7120
8471
8764
3799
8681
2735
8503
4439
3602
8196
7392
352
8054
1457
8931
6023
3043
7091
1052
8007
8094
4220
624
5371
9568
4063
1889
1276
4096
9516
1213
7980
5066
7684
4286
1881
9079
6212
7107
5761
6220
3269
921
5073
3540
5337
1006
819
4643
6681
3575
7462
6215
7603
5628
8363
8346
7678
3008
5226
4840
9411
6873
7380
6155
5573
8708
852
5690
2071
2546
9121
5674
8792
4560
9065
753
5929
9242
6358
6403
4649
7459
8015
1607
3362
7820
1398
230
3572
4219
6568
427
4683
646
1289
2944
2030
9639
5842
4972
2675
5294
898
1507
5397
6219
8340
5762
7724
8673
6291
5558
9804
4105
9033
6486
5392
488
5385
2992
6717
3600
2756
108
4162
3232
9840
6060
9007
6017
2718
3972
744
7737
5390
3040
8115
278
3091
6891
8355
8538
2169
4635
2786
2382
3655
7561
2365
4142
9364
6731
9224
1625
2027
9366
3763
899
522
1228
854
4361
8639
9479
897
7811
752
9338
1847
407
8731
1778
1153
3932
9928
6687
8719
5957
5500
9839
2019
720
3332
6198
4000
7251
2024
6444
1412
1634
7165
863
1447
3082
6702
2140
2378
4740
6064
8028
4744
14
6869
255
1496
4920
7262
6082
2787
8219
7760
7852
4319
8402
4474
8634
9107
2289
7365
5988
1186
7597
8643
7615
5851
7272
7454
9329
510
6801
2257
6438
1650
4421
3805
5874
9570
1635
786
8004
1750
501
2497
6148
34
7298
3826
4803
7938
9607
401
6054
5308
8067
8675
1731
5641
474
4127
9030
4033
1970
8590
6634
4183
8477
9361
9599
3483
5108
7627
1310
9637
8604
9285
1811
8442
3673
2473
8251
8149
1762
536
6437
5319
7676
3983
678
6205
6740
2479
4554
8938
9159
3659
6195
4926
6848
7805
6036
4702
7963
9872
9714
2028
2201
1259
1981
2170
5543
2017
1262
6075
4225
7190
983
6010
5545
5013
9969
1207
748
8375
5174
4778
121
5569
3545
9931
7166
1518
9307
4368
5389
9831
92
3597
3408
8937
3218
5410
7356
8740
4408
2671
6711
7929
5637
4688
493
4459
5097
8357
9882
3035
524
6861
1700
6281
3911
6280
6762
1722
3879
1752
4076
5445
9206
1807
6520
460
5478
4661
1267
544
2278
8482
2481
3609
8400
1934
3071
9407
3868
4494
6426
20
2635
4425
736
2930
1425
9600
3773
5379
4540
7195
923
6210
6684
9521
935
6382
7480
1971
7082
6914
9692
1617
9396
6989
8920
7058
3177
6775
2626
3110
7957
6648
6722
9192
8455
2583
1647
2523
2779
5101
5138
4639
3988
856
8189
4514
710
7017
8516
7541
3364
1817
118
3925
2897
3017
2333
1988
9256
7293
3649
2871
9658
1450
162
3155
8701
4199
7369
8480
8566
7179
5753
8517
7277
7402
5871
3822
1356
8306
4430
54
9402
2521
543
9792
1483
2029
1711
7263
3066
966
2829
2826
8641
2707
3657
6217
7389
268
9365
6080
6938
1761
6631
4861
5384
378
8722
6653
7517
2304
4396
8952
1220
7823
3665
4714
740
8743
7829
1908
7150
6003
3073
7141
1828
704
9263
437
2203
703
5559
1324
3337
6494
5927
9272
2916
3624
6757
1481
1235
4991
7493
4811
9744
8872
5433
3717
7927
7416
2335
9667
3172
650
4593
4971
5465
2147
1009
5650
4584
9213
45
4655
2720
3400
1725
1819
2314
5786
3511
8884
5199
7937
3370
8361
617
8490
4863
832
6602
5104
9509
4337
1540
3947
3056
9254
4681
6241
2982
7982
1562
721
9538
8518
1795
1724
3240
6329
3410
6944
8543
3889
8194
2633
6039
10
7824
2164
785
3834
7991
9432
2232
2106
7361
1021
8082
4689
2397
2404
8983
8628
9157
4948
5618
472
7559
1862
3680
7436
1780
2375
2233
4238
2585
7847
9710
8706
9661
1801
4394
5498
1723
8030
6242
9281
9813
6821
5123
1299
4241
9735
6701
4318
6957
725
6244
9876
9227
1719
4594
6583
9389
3734
1478
585
5324
9287
8623
9295
6621
8284
2995
1480
9117
6997
9313
5219
1387
7442
6225
7751
8338
6235
4333
7452
9791
483
1655
7837
1973
2509
1853
1224
3318
7142
7775
8645
8209
8129
227
3923
7655
1544
8304
1205
2500
2229
1343
1215
4062
215
5469
4569
